100360077
100362783
100526603
100910497
100910669
100910802
100912943
102550903
102553484
102554231
103691283
103691506
108352435
113975
114203
114639
116470
116639
120095853
120095906
120095907
120095908
120095910
120095911
120095912
120095913
120095916
120095917
120095918
120095920
120095953
120095955
120096095
120096097
120096124
134481168
134481171
134481172
134481173
134481273
134481274
134481275
134481276
134481277
134481278
134481279
134481280
134481281
171078
171443
192154
24335
24471
24617
25043
266608
288557
288559
288562
288563
288564
288583
288584
288585
288587
288588
288589
288591
288593
288595
288596
288597
288604
29441
29461
29569
304361
304368
304374
304375
304376
304378
304379
304382
304388
304396
304401
304407
304591
304592
360779
360785
360790
360792
360793
360831
367994
368001
368002
368084
368190
498171
501828
501831
56010
65130
681182
684980
684993
685560
685612
685890
685958
686120
686310
686323
686610
686980
687030
687208
688407
81667
81829
83817
84021
