100302405
100360200
100360439
100361588
100363064
100363914
102546827
102547400
102547586
102548389
102549494
102549667
102549959
102551137
102551556
102552452
102553253
102554603
102554669
102554734
102554944
102555274
102555525
103690858
103690865
103690996
103691023
103691071
103693619
103693626
104798324
108352409
108352411
108352413
108352416
108352417
108352419
108352423
108352424
108352504
116693
120093129
120095826
120095827
120095828
120095829
120095830
120095834
120095835
120095836
120095837
120095851
120095852
120095867
120095868
120095870
120095871
120095873
120095875
120095877
120095878
120095879
120095882
120095883
120095884
120095885
120095887
120095888
120095889
120095890
120095922
120095931
120096021
120096022
120096023
120096025
120096035
120096041
120096046
120096057
120096068
120096079
120096087
120096098
120096105
120096107
120096109
120096113
120096114
120096115
120096117
120096120
120096126
120096128
120096145
120096149
120096160
120096161
120096162
120096163
120096164
120096165
134478827
134480761
134481143
134481144
134481146
134481147
134481148
134481149
134481150
134481151
134481152
134481153
134481154
134481156
134481253
134481254
134481256
134481257
134481258
134481259
134481260
134481261
134481262
134481263
134481264
134481266
134481267
134481320
134481325
134481326
134481340
134481341
134481342
134481343
134481344
134481345
134481346
134481347
134481348
134481349
134481350
134481351
134481352
134481353
134481354
134481355
134481356
134481357
134481358
134481359
134481360
134481361
134481362
134481363
134481364
134481423
134481427
134481428
134481429
134481430
134481431
134481432
134481433
134481434
134481435
134481436
134481437
134481438
134481439
134481440
134481441
134481442
134481443
134481444
134481445
134481446
134481447
134481448
134481449
134481450
134481451
134481452
134481453
134481454
134481455
134481456
134481457
134481458
134481459
134482820
134486622
140635
171075
245976
246250
246299
24720
24954
252860
252931
25334
25459
25503
25642
25648
266682
27137
288369
288371
288375
288378
288386
288396
288444
288447
288449
288454
288455
288457
288471
288475
288478
288479
288480
288482
288484
288486
288489
29145
29535
29624
29635
304193
304195
304197
304201
304203
304204
304208
304239
304244
304268
304271
304275
304277
304278
304280
304282
304284
304285
304286
304289
304290
304291
304293
304294
304302
360750
360753
360754
360757
360760
360761
360762
360763
360764
360768
363854
363855
363856
363858
363866
363869
363872
363875
498128
498129
498133
498136
498140
498143
498145
498146
498198
501793
501794
501795
501797
54227
54251
64527
66019
678726
682937
683674
683788
684055
684274
684427
688606
688681
688750
688786
688858
688951
689004
689074
689765
689907
690383
690441
690495
690504
690516
79449
80840
81804
81822
81824
89819
