100126231
100310783
100314058
100314097
100360640
100910615
102465163
102547155
102547357
102547645
102549726
102551729
102551791
102552617
102553505
108348108
108349032
108349035
108349036
108349039
108349043
108353253
108353257
114612
114851
116502
117062
120093125
120098811
120098812
120098818
120098824
120098827
120098828
120098829
120098832
120098833
120098856
120098859
120098860
120098863
120098864
120098895
120098897
120098906
120098949
120098961
120098963
120098965
120098968
120098971
120098978
120098979
120099029
120099031
120099048
120099056
120099057
120099061
120099062
134478792
134478813
134483778
134483846
134483847
134483848
134483849
134483850
134483853
134483854
134483855
134483856
134483858
134483859
134483861
134483862
134483864
134483865
134483866
134483867
134483869
134483870
140926
171079
192117
24231
24233
24298
24417
24472
24591
24649
24750
24751
24811
24812
24835
24963
24967
24968
24973
24974
24981
24984
24986
24994
25008
25009
25217
25218
25678
25679
25680
25682
29214
294154
294228
294230
294231
294232
294235
294236
294239
294241
294245
294250
294251
294252
294255
294257
294258
294260
294268
294269
29427
294270
294273
294274
294276
294279
294281
294282
294283
294284
294286
294287
294288
294289
294291
294292
294297
294299
294301
294303
294307
294311
294312
294313
294562
29513
29704
309593
309595
309596
309600
309603
309607
309609
309611
309613
309620
309621
309622
309626
309627
309628
309629
309630
309637
309638
309639
309641
309642
309643
309646
309647
309649
309650
309651
309653
309656
309900
360323
361787
361788
361789
361790
361791
361794
361795
361796
361798
361799
361800
361801
361802
361805
361807
361808
361809
361810
361811
361812
361813
361814
361815
365542
368044
368153
406159
406160
406161
406162
406163
406164
406165
406166
406167
406168
406169
406170
406194
406195
406196
406199
406864
406865
406866
406867
406868
407781
407784
414270
414779
414783
414784
414788
414789
414790
414791
414792
414793
414819
414826
415051
415052
415057
415062
415064
415065
415073
494520
499402
502412
502414
54398
55939
64569
64665
65045
682408
684148
686048
686254
686977
688862
689210
689425
689561
81649
81650
81722
81729
81773
85493
94342
